[STAGE1]
[COLLIDER]
0,0,145,767
144,380,2400,520
[LINE]700,320,1000,380,2
2500,290,3930,430
4030,330,7000,480
7150,330,8700,480
8830,425,11140,770
8735,580,8835,1150
[LINE]11330,330,11700,400,2
11330,400,11700,570
11700,330,12000,475
12190,330,12770,475
12960,235,13160,380
13245,235,13445,380
13535,235,14210,380
14111,380,14210,770
14400,330,14590,470
[LINE]14590,330,14980,430,1
14900,430,15890,570
16030,330,16900,770
17130,425,18480,570
18720,570,23040,770
23040,0,23400,800
[END]
[STAGE2]
[END]